Video 1:

801
259 
3.789 

615
259
9.877


Video 2:

434 
292
2.224

506 
284
6.623

778
272 
12.407999 

380
337 
14.664 

490
302
17.351

582
300
19.487

385
283
21.015

630
298
21.968

671
264
23.345

819 
271
26.103999

435
297
29.072

487
296 
29.967

854
302
33.64

871
275
35.255999 

video 3:

517
246
6.983

759 
246 
8.502999

385 
261 
10.289 

video 4:

602
291
5.647 

795 
255
12.535999

789 
272
17.4 

video 5:

618 
282
9.396 

478 
285
12.947 

368
308 
14.958 

video 6:

789 
284 
18.063

621 
260
26.302999 
